[PRAXIS_pattern1.jpg]
filters=finetune2=1,0.000000,0.000000,0.238596,00000000,0.000000;
moddate=00f9bec81d3cce01
width=594
height=814
textactive=0
